69,20,11
55,27,18
51,25,24
18,25,57
60,28,12
81,14,5
44,34,22
14,29,57
55,27,18
12,21,67
15,26,59
33,29,38
13,25,62