10,21,69
39,29,32
83,12,5
27,31,42
48,28,24
44,29,27
63,22,13
66,21,13
77,14,9
34,28,38
49,26,25
53,25,22
56,28,16