35,32,33
31,23,46
11,14,75
14,19,67
49,26,25
55,22,23
41,28,31
54,23,23
23,32,45
86,10,4
52,27,21
59,23,18
34,31,35